1.89 6.00
2.01 6.10
2.00 12.0
1.92 11.4
1.89 6.00
1.89 6.00
1.89 6.00
1.89 6.00
1.89 6.00
1.89 6.00
1.89 6.00
1.89 6.00
1.89 6.00
1.89 6.00
1.89 6.00
2.01 6.10
2.00 12.0
1.92 11.4
2.01 6.10
2.00 12.0
1.92 11.4
2.01 6.10
2.00 12.0
1.92 11.4
2.01 6.10
2.00 12.0
1.92 11.4
2.01 6.10
2.00 12.0
1.92 11.4
2.01 6.10
2.00 12.0
1.92 11.4
2.01 6.10
2.00 12.0
1.92 11.4
2.01 6.10
2.00 12.0
1.92 11.4
2.01 6.10
2.00 12.0
1.92 11.4
2.01 6.10
2.00 12.0
1.92 11.4
2.01 6.10
2.00 12.0
1.92 11.4
1.92 11.4
1.92 11.4
